0.0487106 0.034384 0.0329513 0.0487106 0.0429799 0.0358166 0.0458453 0.0315186 0.0286533 0.0272206 0.0472779 0.0530086 0.0429799 0.0415473 0.0401146 0.0329513 0.0515759 0.0329513 0.0415473 0.0501433 0.0487106 0.0358166 0.0329513 0.0315186 0.0401146 
0.0489297 0.0474006 0.029052 0.0458716 0.0382263 0.0412844 0.0504587 0.0443425 0.0321101 0.0412844 0.0336391 0.0519878 0.0443425 0.0397554 0.0382263 0.0397554 0.0382263 0.0458716 0.0489297 0.0321101 0.0443425 0.0321101 0.029052 0.0321101 0.030581 
0.047541 0.0377049 0.047541 0.0278689 0.0360656 0.0540984 0.052459 0.0491803 0.0409836 0.0442623 0.0409836 0.0491803 0.0360656 0.0377049 0.0409836 0.0393443 0.0344262 0.0508197 0.0327869 0.0311475 0.0311475 0.0295082 0.0245902 0.0442623 0.0393443 
0.0434109 0.0356589 0.0418605 0.0372093 0.0449612 0.0263566 0.0403101 0.0372093 0.0465116 0.0325581 0.0449612 0.0418605 0.0372093 0.0589147 0.0449612 0.027907 0.0496124 0.0341085 0.0434109 0.027907 0.0372093 0.0403101 0.0418605 0.0434109 0.0403101 
0.053125 0.0453125 0.0453125 0.0484375 0.03125 0.0328125 0.034375 0.0265625 0.0421875 0.0421875 0.04375 0.0359375 0.0390625 0.0390625 0.0484375 0.0359375 0.0375 0.04375 0.0390625 0.0421875 0.034375 0.034375 0.0390625 0.0484375 0.0375 
0.0386905 0.0535714 0.0357143 0.046131 0.0372024 0.0297619 0.0401786 0.0357143 0.0297619 0.0401786 0.0535714 0.0386905 0.0446429 0.0372024 0.0505952 0.0372024 0.0357143 0.0491071 0.0386905 0.0327381 0.0446429 0.0416667 0.0282738 0.0342262 0.046131 
0.0341615 0.0403727 0.0465839 0.0248447 0.0512422 0.0388199 0.0419255 0.0388199 0.0357143 0.0357143 0.0465839 0.0341615 0.0295031 0.0496894 0.0310559 0.060559 0.0372671 0.0403727 0.0388199 0.0496894 0.0419255 0.0357143 0.0434783 0.0419255 0.0310559 
0.0385852 0.0353698 0.0305466 0.0498392 0.0273312 0.0321543 0.0369775 0.0289389 0.0450161 0.0257235 0.0466238 0.0434084 0.0321543 0.0578778 0.0273312 0.0434084 0.0353698 0.0530547 0.0514469 0.0482315 0.0385852 0.0434084 0.0482315 0.0418006 0.0385852 
0.0380795 0.0231788 0.0496689 0.0364238 0.0612583 0.0413907 0.0463576 0.0364238 0.0298013 0.0364238 0.0463576 0.0529801 0.0364238 0.0397351 0.0364238 0.0430464 0.0331126 0.0480132 0.0331126 0.0430464 0.0513245 0.0264901 0.0413907 0.0430464 0.0264901 
0.0470588 0.0319328 0.0386555 0.0403361 0.0403361 0.0621849 0.0302521 0.0436975 0.0453782 0.0302521 0.0436975 0.0369748 0.0369748 0.0336134 0.0336134 0.0453782 0.0352941 0.0201681 0.0352941 0.0521008 0.0487395 0.0504202 0.0436975 0.0285714 0.0453782 
0.043609 0.043609 0.0360902 0.037594 0.0481203 0.0330827 0.0240602 0.0571429 0.0390977 0.0300752 0.0511278 0.0300752 0.037594 0.0406015 0.0330827 0.0496241 0.0390977 0.0390977 0.0330827 0.0285714 0.0421053 0.0421053 0.043609 0.0421053 0.0556391 
0.0512445 0.0380673 0.0424597 0.033675 0.0409956 0.0395315 0.0409956 0.045388 0.0219619 0.0307467 0.0351391 0.0497804 0.0409956 0.033675 0.0351391 0.0366032 0.0497804 0.0351391 0.045388 0.0380673 0.0497804 0.0512445 0.0395315 0.0366032 0.0380673 
0.0511182 0.057508 0.0383387 0.0415335 0.0399361 0.0543131 0.0415335 0.0415335 0.0239617 0.0463259 0.0271565 0.0271565 0.0367412 0.043131 0.0511182 0.0399361 0.0303514 0.0351438 0.0495208 0.0335463 0.0319489 0.0463259 0.0399361 0.0463259 0.0255591 
0.0444785 0.0276074 0.0245399 0.041411 0.0398773 0.0521472 0.0398773 0.0444785 0.0398773 0.0276074 0.0383436 0.0398773 0.0291411 0.0368098 0.0460123 0.0260736 0.0368098 0.059816 0.0383436 0.041411 0.0383436 0.0383436 0.047546 0.0521472 0.0490798 
0.0334928 0.0494418 0.030303 0.0398724 0.0414673 0.0382775 0.0446571 0.0430622 0.0223285 0.0478469 0.0414673 0.046252 0.0446571 0.0334928 0.0414673 0.0446571 0.0430622 0.0446571 0.0223285 0.0318979 0.0398724 0.0526316 0.0366826 0.0430622 0.0430622 
0.0483619 0.0374415 0.0280811 0.0374415 0.0436817 0.0374415 0.049922 0.0312012 0.0468019 0.0374415 0.0405616 0.0374415 0.0452418 0.0390016 0.0483619 0.0374415 0.0436817 0.0421217 0.0343214 0.0421217 0.049922 0.0436817 0.0421217 0.0436817 0.0124805 
0.0361635 0.0377358 0.0566038 0.0487421 0.0471698 0.0503145 0.0440252 0.0314465 0.0550314 0.0330189 0.0377358 0.0440252 0.0408805 0.0267296 0.0330189 0.0424528 0.0408805 0.0393082 0.0345912 0.0251572 0.0298742 0.0440252 0.0440252 0.0345912 0.0424528 
0.0549133 0.0361272 0.0274566 0.0346821 0.0303468 0.0447977 0.0202312 0.0476879 0.050578 0.0346821 0.0447977 0.0433526 0.0520231 0.0433526 0.0447977 0.0289017 0.0491329 0.0419075 0.0361272 0.0433526 0.0317919 0.0375723 0.0419075 0.0361272 0.0433526 
0.0227642 0.0276423 0.0406504 0.0439024 0.0439024 0.0373984 0.0471545 0.0373984 0.0504065 0.0455285 0.0260163 0.0439024 0.0357724 0.0471545 0.0487805 0.0439024 0.0455285 0.0504065 0.0341463 0.0406504 0.0276423 0.0471545 0.0292683 0.0487805 0.0341463 
0.0421394 0.0632091 0.0226904 0.0307942 0.0275527 0.0486224 0.0421394 0.0340357 0.0372771 0.0405186 0.0291734 0.0486224 0.0372771 0.0405186 0.0405186 0.0453809 0.0388979 0.0340357 0.0421394 0.0470016 0.0421394 0.0453809 0.0210697 0.0502431 0.0486224 
0.0496894 0.0434783 0.0357143 0.0419255 0.0341615 0.0465839 0.0341615 0.0341615 0.0403727 0.0217391 0.0341615 0.0434783 0.0450311 0.0465839 0.0232919 0.0357143 0.0326087 0.0559006 0.0481366 0.0248447 0.0450311 0.0357143 0.0388199 0.0590062 0.0496894 
0.0380952 0.0396825 0.0492063 0.0460317 0.0349206 0.047619 0.0349206 0.0428571 0.0285714 0.0571429 0.0492063 0.0380952 0.0365079 0.0333333 0.0349206 0.0349206 0.0333333 0.0365079 0.0428571 0.047619 0.0412698 0.0396825 0.0555556 0.0285714 0.0285714 
0.0538336 0.050571 0.045677 0.0326264 0.0440457 0.0522023 0.0375204 0.040783 0.0424144 0.0489396 0.0391517 0.0570962 0.0391517 0.0375204 0.0293638 0.0391517 0.0391517 0.0375204 0.0261011 0.0391517 0.0212072 0.0375204 0.0440457 0.0326264 0.0326264 
0.037037 0.037037 0.0432099 0.0509259 0.0462963 0.0354938 0.0416667 0.0401235 0.0401235 0.0401235 0.0447531 0.0401235 0.0385802 0.0339506 0.0277778 0.0493827 0.0385802 0.0617284 0.0354938 0.0354938 0.0432099 0.0308642 0.029321 0.0401235 0.0385802 
0.043131 0.0479233 0.0367412 0.0399361 0.0271565 0.0415335 0.0463259 0.0271565 0.0303514 0.0351438 0.0511182 0.0399361 0.0367412 0.0479233 0.0495208 0.0447284 0.0415335 0.0495208 0.0335463 0.0383387 0.0479233 0.0223642 0.0319489 0.0303514 0.0591054 
